0000.000	0002.5	 0 	 0 	000.0
0000.004	0006.0	 0 	 0 	000.0
0000.008	0006.0	 0 	 0 	047.2
0000.013	0006.0	 0 	 0 	051.8
0000.017	0006.0	 0 	 0 	055.7
0000.021	0005.2	 0 	 0 	066.5
0000.025	0004.3	 0 	 0 	072.8
0000.029	0003.7	 0 	 0 	074.6
0000.034	0003.0	 0 	 0 	073.4
0000.038	0002.4	 0 	 0 	074.5
0000.042	0001.7	 0 	 0 	075.2
0000.046	0000.8	 0 	 0 	076.6
0000.050	0000.0	 0 	 0 	077.6
0000.055	0000.0	 0 	 0 	077.7
0000.059	0000.0	 0 	 0 	077.2
0000.063	0000.0	 0 	 0 	077.3
0000.067	0000.0	 0 	 0 	077.4
0000.071	0000.0	 0 	 0 	077.5
0000.076	0000.0	 0 	 0 	077.8
0000.080	0000.0	 0 	 0 	078.3
0000.084	0000.0	 0 	 0 	078.4
0000.088	0000.0	 0 	 0 	078.5
0000.092	0000.0	 0 	 0 	078.6
0000.097	0000.0	 0 	 0 	078.8
0000.101	0000.0	 0 	 0 	078.9
0000.105	0000.0	 0 	 0 	079.1
0000.109	0000.0	 0 	 0 	079.2
0000.114	0000.0	 0 	 0 	079.3
0000.118	0000.0	 0 	 0 	079.5
0000.122	0000.0	 0 	 0 	079.6
0000.126	0000.0	 0 	 0 	079.7
0000.130	0000.0	 0 	 0 	079.8
0000.135	0000.0	 0 	 0 	080.0
0000.139	0000.0	 0 	 0 	080.1
0000.143	0000.0	 0 	 0 	080.3
0000.147	0000.0	 0 	 0 	080.4
0000.151	0000.0	 0 	 0 	080.5
0000.156	0000.0	 0 	 0 	080.7
0000.160	0000.0	 0 	 0 	080.8
0000.164	0000.0	 0 	 0 	080.9
0000.168	0000.0	 0 	 0 	081.1
0000.172	0000.0	 0 	 0 	081.2
0000.177	0000.0	 0 	 0 	081.3
0000.181	0000.0	 0 	 0 	081.4
0000.185	0000.0	 0 	 0 	081.6
0000.189	0000.0	 0 	 0 	081.7
0000.193	0000.0	 0 	 0 	081.8
0000.198	0000.0	 0 	 0 	081.9
0000.202	0000.0	 0 	 0 	082.0
0000.206	0000.0	 0 	 0 	082.1
0000.210	0000.0	 0 	 0 	082.2
0000.214	0000.0	 0 	 0 	082.3
0000.219	0000.0	 0 	 0 	082.4
0000.223	0000.0	 0 	 0 	082.5
0000.227	0000.0	 0 	 0 	082.5
0000.231	0000.0	 0 	 0 	082.6
0000.235	0000.0	 0 	 0 	082.7
0000.240	0000.0	 0 	 0 	084.2
0000.244	0000.0	 0 	 0 	084.4
0000.248	0000.0	 0 	 0 	084.5
0000.252	0000.0	 0 	 0 	084.7
0000.256	0000.0	 0 	 0 	084.9
0000.261	0000.0	 0 	 0 	085.1
0000.265	0000.0	 0 	 0 	085.2
0000.269	0000.0	 0 	 0 	085.4
0000.273	0000.0	 0 	 0 	085.5
0000.277	0000.0	 0 	 0 	085.7
0000.282	0000.0	 0 	 0 	085.8
0000.286	0000.0	 0 	 0 	086.0
0000.290	0000.0	 0 	 0 	086.1
0000.294	0000.0	 0 	 0 	086.3
0000.298	0000.0	 0 	 0 	086.4
0000.303	0000.0	 0 	 0 	086.6
0000.307	0000.0	 0 	 0 	086.7
0000.311	0000.0	 0 	 0 	086.9
0000.315	0000.0	 0 	 0 	087.0
0000.319	0000.0	 0 	 0 	087.2
0000.324	0000.0	 0 	 0 	087.3
0000.328	0000.0	 0 	 0 	087.5
0000.332	0000.0	 0 	 0 	087.6
0000.336	0000.0	 0 	 0 	087.7
0000.341	0000.0	 0 	 0 	087.9
0000.345	0000.0	 0 	 0 	088.0
0000.349	0000.0	 0 	 0 	088.2
0000.353	0000.0	 0 	 0 	088.3
0000.357	0000.0	 0 	 0 	088.4
0000.362	0000.0	 0 	 0 	088.5
0000.366	0000.0	 0 	 0 	088.7
0000.370	0000.0	 0 	 0 	088.8
0000.374	0000.0	 0 	 0 	088.9
0000.378	0000.0	 0 	 0 	089.0
0000.383	0000.0	 0 	 0 	089.2
0000.387	0000.0	 0 	 0 	089.3
0000.391	0000.0	 0 	 0 	089.4
0000.395	0000.0	 0 	 0 	089.5
0000.399	0000.0	 0 	 0 	089.6
0000.404	0000.0	 0 	 0 	089.8
0000.408	0000.0	 0 	 0 	089.9
0000.412	0000.0	 0 	 0 	090.0
0000.416	0000.0	 0 	 0 	090.1
0000.420	0000.0	 0 	 0 	090.2
0000.425	0000.0	 0 	 0 	090.3
0000.429	0000.0	 0 	 0 	090.4
0000.433	0000.0	 0 	 0 	090.5
0000.437	0000.0	 0 	 0 	090.6
0000.441	0000.0	 0 	 0 	090.7
0000.446	0000.0	 0 	 0 	090.8
0000.450	0000.0	 0 	 0 	090.9
0000.454	0000.0	 0 	 0 	091.0
0000.458	0000.0	 0 	 0 	091.1
0000.462	0000.0	 0 	 0 	091.2
0000.467	0000.0	 0 	 0 	091.3
0000.471	0000.0	 0 	 0 	091.4
0000.475	0000.0	 0 	 0 	091.5
0000.479	0000.0	 0 	 0 	091.6
0000.483	0000.0	 0 	 0 	091.7
0000.488	0000.0	 0 	 0 	091.8
0000.492	0000.0	 0 	 0 	091.9
0000.496	0000.0	 0 	 0 	092.0
0000.500	0000.0	 0 	 0 	092.1
0000.504	0000.0	 0 	 0 	092.2
0000.509	0000.0	 0 	 0 	092.3
0000.513	0000.0	 0 	 0 	092.4
0000.517	0000.0	 0 	 0 	092.4
0000.521	0000.0	 0 	 0 	092.5
0000.525	0000.0	 0 	 0 	092.6
0000.530	0000.0	 0 	 0 	092.7
0000.534	0000.0	 0 	 0 	092.8
0000.538	0000.0	 0 	 0 	092.9
0000.542	0000.0	 0 	 0 	093.0
0000.547	0000.0	 0 	 0 	093.0
0000.551	0000.0	 0 	 0 	093.1
0000.555	0000.0	 0 	 0 	093.2
0000.559	0000.0	 0 	 0 	093.3
0000.563	0000.0	 0 	 0 	093.4
0000.568	0000.0	 0 	 0 	093.4
0000.572	0000.0	 0 	 0 	093.5
0000.576	0000.0	 0 	 0 	093.6
0000.580	0000.0	 0 	 0 	093.7
0000.584	0000.0	 0 	 0 	093.8
0000.589	0000.0	 0 	 0 	093.8
0000.593	0000.0	 0 	 0 	093.9
0000.597	0000.0	 0 	 0 	094.0
0000.601	0000.0	 0 	 0 	094.1
0000.605	0000.0	 0 	 0 	094.1
0000.610	0000.0	 0 	 0 	094.2
0000.614	0000.0	 0 	 0 	094.3
0000.618	0000.0	 0 	 0 	094.4
0000.622	0000.0	 0 	 0 	094.4
0000.626	0000.0	 0 	 0 	094.5
0000.631	0000.0	 0 	 0 	094.6
0000.635	0000.0	 0 	 0 	094.6
0000.639	0000.0	 0 	 0 	094.7
0000.643	0000.0	 0 	 0 	094.8
0000.647	0000.0	 0 	 0 	094.9
0000.652	0000.0	 0 	 0 	094.9
0000.656	0000.0	 0 	 0 	095.0
0000.660	0000.0	 0 	 0 	095.1
0000.664	0000.0	 0 	 0 	095.1
0000.668	0000.0	 0 	 0 	095.2
0000.673	0000.0	 0 	 0 	095.3
0000.677	0000.0	 0 	 0 	095.3
0000.681	0000.0	 0 	 0 	095.4
0000.685	0000.0	 0 	 0 	095.5
0000.689	0000.0	 0 	 0 	095.5
0000.694	0000.0	 0 	 0 	095.6
0000.698	0000.0	 0 	 0 	095.7
0000.702	0000.0	 0 	 0 	095.7
0000.706	0000.0	 0 	 0 	095.8
0000.710	0000.0	 0 	 0 	095.8
0000.715	0000.0	 0 	 0 	095.9
0000.719	0000.0	 0 	 0 	096.0
0000.723	0000.0	 0 	 0 	096.0
0000.727	0000.0	 0 	 0 	096.1
0000.731	0000.0	 0 	 0 	096.1
0000.736	0000.0	 0 	 0 	096.2
0000.740	0000.0	 0 	 0 	096.3
0000.744	0000.0	 0 	 0 	096.3
0000.748	0000.0	 0 	 0 	096.4
0000.753	0000.0	 0 	 0 	096.4
0000.757	0000.0	 0 	 0 	096.5
0000.761	0000.0	 0 	 0 	096.6
0000.765	0000.0	 0 	 0 	096.6
0000.769	0000.0	 0 	 0 	096.7
0000.774	0000.0	 0 	 0 	096.7
0000.778	0000.0	 0 	 0 	096.8
0000.782	0000.0	 0 	 0 	096.9
0000.786	0000.0	 0 	 0 	096.9
0000.790	0000.0	 0 	 0 	097.0
0000.795	0000.0	 0 	 0 	097.0
0000.799	0000.0	 0 	 0 	097.1
0000.803	0000.0	 0 	 0 	097.1
0000.807	0000.0	 0 	 0 	097.2
0000.811	0000.0	 0 	 0 	097.2
0000.816	0000.0	 0 	 0 	097.3
0000.820	0000.0	 0 	 0 	097.3
0000.824	0000.0	 0 	 0 	097.4
0000.828	0000.0	 0 	 0 	097.5
0000.832	0000.0	 0 	 0 	097.5
0000.837	0000.0	 0 	 0 	097.6
0000.841	0000.0	 0 	 0 	097.6
0000.845	0000.0	 0 	 0 	097.7
0000.849	0000.0	 0 	 0 	097.7
0000.853	0000.0	 0 	 0 	097.8
0000.858	0000.0	 0 	 0 	097.8
0000.862	0000.0	 0 	 0 	097.9
0000.866	0000.0	 0 	 0 	097.9
0000.870	0000.0	 0 	 0 	098.0
0000.874	0000.0	 0 	 0 	098.0
0000.879	0000.0	 0 	 0 	098.1
0000.883	0000.0	 0 	 0 	098.1
0000.887	0000.0	 0 	 0 	098.2
0000.891	0000.0	 0 	 0 	098.2
0000.895	0000.0	 0 	 0 	098.3
0000.900	0000.0	 0 	 0 	098.3
0000.904	0000.0	 0 	 0 	098.4
0000.908	0000.0	 0 	 0 	098.4
0000.912	0000.0	 0 	 0 	098.5
0000.916	0000.0	 0 	 0 	098.5
0000.921	0000.0	 0 	 0 	098.6
0000.925	0000.0	 0 	 0 	098.6
0000.929	0000.0	 0 	 0 	098.7
0000.933	0000.0	 0 	 0 	098.7
0000.937	0000.0	 0 	 0 	098.7
0000.942	0000.0	 0 	 0 	098.8
0000.946	0000.0	 0 	 0 	098.8
0000.950	0000.0	 0 	 0 	098.9
0000.954	0000.0	 0 	 0 	098.9
0000.958	0000.0	 0 	 0 	099.0
0000.963	0000.0	 0 	 0 	099.0
0000.967	0000.0	 0 	 0 	099.1
0000.971	0000.0	 0 	 0 	099.1
0000.975	0000.0	 0 	 0 	099.2
0000.980	0000.0	 0 	 0 	099.2
0000.984	0000.0	 0 	 0 	099.2
0000.988	0000.0	 0 	 0 	099.3
0000.992	0000.0	 0 	 0 	099.3
0000.996	0000.0	 0 	 0 	099.4
0001.001	0000.0	 0 	 0 	099.4
0001.005	0000.0	 0 	 0 	099.5
0001.009	0000.0	 0 	 0 	099.5
0001.013	0000.0	 0 	 0 	099.6
0001.017	0000.0	 0 	 0 	099.6
0001.022	0000.0	 0 	 0 	099.6
0001.026	0000.0	 0 	 0 	099.7
0001.030	0000.0	 0 	 0 	099.7
0001.034	0000.0	 0 	 0 	099.8
0001.038	0000.0	 0 	 0 	099.8
0001.043	0000.0	 0 	 0 	099.8
0001.047	0000.0	 0 	 0 	099.9
0001.051	0000.0	 0 	 0 	099.9
0001.055	0000.0	 0 	 0 	100.0
0001.059	0000.0	 0 	 0 	100.0
0001.064	0000.0	 0 	 0 	100.1
0001.068	0000.0	 0 	 0 	100.1
0001.072	0000.0	 0 	 0 	100.1
0001.076	0000.0	 0 	 0 	100.2
0001.080	0000.0	 0 	 0 	100.2
0001.085	0000.0	 0 	 0 	100.3
0001.089	0000.0	 0 	 0 	100.3
0001.093	0000.0	 0 	 0 	100.3
0001.097	0000.0	 0 	 0 	100.4
0001.101	0000.0	 0 	 0 	100.4
0001.106	0000.0	 0 	 0 	100.5
0001.110	0000.0	 0 	 0 	100.5
0001.114	0000.0	 0 	 0 	100.5
0001.118	0000.0	 0 	 0 	100.6
0001.122	0000.0	 0 	 0 	100.6
0001.127	0000.0	 0 	 0 	100.6
0001.131	0000.0	 0 	 0 	100.7
0001.135	0000.0	 0 	 0 	100.7
0001.139	0000.0	 0 	 0 	100.8
0001.143	0000.0	 0 	 0 	100.8
0001.148	0000.0	 0 	 0 	100.8
0001.152	0000.0	 0 	 0 	100.9
0001.156	0000.0	 0 	 0 	100.9
0001.160	0000.0	 0 	 0 	100.9
0001.164	0000.0	 0 	 0 	101.0
0001.169	0000.0	 0 	 0 	101.0
0001.173	0000.0	 0 	 0 	101.1
0001.177	0000.0	 0 	 0 	101.1
0001.181	0000.0	 0 	 0 	101.1
0001.186	0000.0	 0 	 0 	101.2
0001.190	0000.0	 0 	 0 	101.2
0001.194	0000.0	 0 	 0 	101.2
0001.198	0000.0	 0 	 0 	101.3
0001.202	0000.0	 0 	 0 	101.3
0001.207	0000.0	 0 	 0 	101.3
0001.211	0000.0	 0 	 0 	101.4
0001.215	0000.0	 0 	 0 	101.4
0001.219	0000.0	 0 	 0 	101.5
0001.223	0000.0	 0 	 0 	101.5
0001.228	0000.0	 0 	 0 	101.5
0001.232	0000.0	 0 	 0 	101.6
0001.236	0000.0	 0 	 0 	101.6
0001.240	0000.0	 0 	 0 	101.6
0001.244	0000.0	 0 	 0 	101.7
0001.249	0000.0	 0 	 0 	101.7
0001.253	0000.0	 0 	 0 	101.7
0001.257	0000.0	 0 	 0 	101.8
0001.261	0000.0	 0 	 0 	101.8
0001.265	0000.0	 0 	 0 	101.8
0001.270	0000.0	 0 	 0 	101.9
0001.274	0000.0	 0 	 0 	101.9
0001.278	0000.0	 0 	 0 	101.9
0001.282	0000.0	 0 	 0 	102.0
0001.286	0000.0	 0 	 0 	102.0
0001.291	0000.0	 0 	 0 	102.0
0001.295	0000.0	 0 	 0 	102.1
0001.299	0000.0	 0 	 0 	102.1
0001.303	0000.0	 0 	 0 	102.1
0001.307	0000.0	 0 	 0 	102.2
0001.312	0000.0	 0 	 0 	102.2
0001.316	0000.0	 0 	 0 	102.2
0001.320	0000.0	 0 	 0 	102.3
0001.324	0000.0	 0 	 0 	102.3
0001.328	0000.0	 0 	 0 	102.3
0001.333	0000.0	 0 	 0 	102.4
0001.337	0000.0	 0 	 0 	102.4
0001.341	0000.0	 0 	 0 	102.4
0001.345	0000.0	 0 	 0 	102.5
0001.349	0000.0	 0 	 0 	102.5
0001.354	0000.0	 0 	 0 	102.5
0001.358	0000.0	 0 	 0 	102.6
0001.362	0000.0	 0 	 0 	102.6
0001.366	0000.0	 0 	 0 	102.6
0001.370	0000.0	 0 	 0 	102.7
0001.375	0000.0	 0 	 0 	102.7
0001.379	0000.0	 0 	 0 	102.7
0001.383	0000.0	 0 	 0 	102.7
0001.387	0000.0	 0 	 0 	102.8
0001.391	0000.0	 0 	 0 	102.8
0001.396	0000.0	 0 	 0 	102.8
0001.400	0000.0	 0 	 0 	102.9
0001.404	0000.0	 0 	 0 	102.9
0001.408	0000.0	 0 	 0 	102.9
0001.413	0000.0	 0 	 0 	103.0
0001.417	0000.0	 0 	 0 	103.0
0001.421	0000.0	 0 	 0 	103.0
0001.425	0000.0	 0 	 0 	103.0
0001.429	0000.0	 0 	 0 	103.1
0001.434	0000.0	 0 	 0 	103.1
0001.438	0000.0	 0 	 0 	103.1
0001.442	0000.0	 0 	 0 	103.2
0001.446	0000.0	 0 	 0 	103.2
0001.450	0000.0	 0 	 0 	103.2
0001.455	0000.0	 0 	 0 	103.3
0001.459	0000.0	 0 	 0 	103.3
0001.463	0000.0	 0 	 0 	103.3
0001.467	0000.0	 0 	 0 	103.3
0001.471	0000.0	 0 	 0 	103.4
0001.476	0000.0	 0 	 0 	103.4
0001.480	0000.0	 0 	 0 	103.4
0001.484	0000.0	 0 	 0 	103.5
0001.488	0000.0	 0 	 0 	103.5
0001.492	0000.0	 0 	 0 	103.5
0001.497	0000.0	 0 	 0 	103.5
0001.501	0000.0	 0 	 0 	103.6
0001.505	0000.0	 0 	 0 	103.6
0001.509	0000.0	 0 	 0 	103.6
0001.513	0000.0	 0 	 0 	103.7
0001.518	0000.0	 0 	 0 	103.7
0001.522	0000.0	 0 	 0 	103.7
0001.526	0000.0	 0 	 0 	103.7
0001.530	0000.0	 0 	 0 	103.8
0001.534	0000.0	 0 	 0 	103.8
0001.539	0000.0	 0 	 0 	103.8
0001.543	0000.0	 0 	 0 	103.8
0001.547	0000.0	 0 	 0 	103.9
0001.551	0000.0	 0 	 0 	103.9
0001.555	0000.0	 0 	 0 	103.9
0001.560	0000.0	 0 	 0 	104.0
0001.564	0000.0	 0 	 0 	104.0
0001.568	0000.0	 0 	 0 	104.0
0001.572	0000.0	 0 	 0 	104.0
0001.576	0000.0	 0 	 0 	104.1
0001.581	0000.0	 0 	 0 	104.1
0001.585	0000.0	 0 	 0 	104.1
0001.589	0000.0	 0 	 0 	104.1
0001.593	0000.0	 0 	 0 	104.2
0001.597	0000.0	 0 	 0 	104.2
0001.602	0000.0	 0 	 0 	104.2
0001.606	0000.0	 0 	 0 	104.3
0001.610	0000.0	 0 	 0 	104.3
0001.614	0000.0	 0 	 0 	104.3
0001.619	0000.0	 0 	 0 	104.3
0001.623	0000.0	 0 	 0 	104.4
0001.627	0000.0	 0 	 0 	104.4
0001.631	0000.0	 0 	 0 	104.4
0001.635	0000.0	 0 	 0 	104.4
0001.640	0000.0	 0 	 0 	104.5
0001.644	0000.0	 0 	 0 	104.5
0001.648	0000.0	 0 	 0 	104.5
0001.652	0000.0	 0 	 0 	104.5
0001.656	0000.0	 0 	 0 	104.6
0001.661	0000.0	 0 	 0 	104.6
0001.665	0000.0	 0 	 0 	104.6
0001.669	0000.0	 0 	 0 	104.6
0001.673	0000.0	 0 	 0 	104.7
0001.677	0000.0	 0 	 0 	104.7
0001.682	0000.0	 0 	 0 	104.7
0001.686	0000.0	 0 	 0 	104.7
0001.690	0000.0	 0 	 0 	104.8
0001.694	0000.0	 0 	 0 	104.8
0001.698	0000.0	 0 	 0 	104.8
0001.703	0000.0	 0 	 0 	104.8
0001.707	0000.0	 0 	 0 	104.9
0001.711	0000.0	 0 	 0 	104.9
0001.715	0000.0	 0 	 0 	104.9
0001.719	0000.0	 0 	 0 	104.9
0001.724	0000.0	 0 	 0 	105.0
0001.728	0000.0	 0 	 0 	105.0
0001.732	0000.0	 0 	 0 	105.0
0001.736	0000.0	 0 	 0 	105.0
0001.740	0000.0	 0 	 0 	105.1
0001.745	0000.0	 0 	 0 	105.1
0001.749	0000.0	 0 	 0 	105.1
0001.753	0000.0	 0 	 0 	105.1
0001.757	0000.0	 0 	 0 	105.2
0001.761	0000.0	 0 	 0 	105.2
0001.766	0000.0	 0 	 0 	105.2
0001.770	0000.0	 0 	 0 	105.2
0001.774	0000.0	 0 	 0 	105.3
0001.778	0000.0	 0 	 0 	105.3
0001.782	0000.0	 0 	 0 	105.3
0001.787	0000.0	 0 	 0 	105.3
0001.791	0000.0	 0 	 0 	105.3
0001.795	0000.0	 0 	 0 	105.4
0001.799	0000.0	 0 	 0 	105.4
0001.803	0000.0	 0 	 0 	105.4
0001.808	0000.0	 0 	 0 	105.4
0001.812	0000.0	 0 	 0 	105.5
0001.816	0000.0	 0 	 0 	105.5
0001.820	0000.0	 0 	 0 	105.5
0001.825	0000.0	 0 	 0 	105.5
0001.829	0000.0	 0 	 0 	105.6
0001.833	0000.0	 0 	 0 	105.6
0001.837	0000.0	 0 	 0 	105.6
0001.841	0000.0	 0 	 0 	105.6
0001.846	0000.0	 0 	 0 	105.6
0001.850	0000.0	 0 	 0 	105.7
0001.854	0000.0	 0 	 0 	105.7
0001.858	0000.0	 0 	 0 	105.7
0001.862	0000.0	 0 	 0 	105.7
0001.867	0000.0	 0 	 0 	105.8
0001.871	0000.0	 0 	 0 	105.8
0001.875	0000.0	 0 	 0 	105.8
0001.879	0000.0	 0 	 0 	105.8
0001.883	0000.0	 0 	 0 	105.9
0001.888	0000.0	 0 	 0 	105.9
0001.892	0000.0	 0 	 0 	105.9
0001.896	0000.0	 0 	 0 	105.9
0001.900	0000.0	 0 	 0 	105.9
0001.904	0000.0	 0 	 0 	106.0
0001.909	0000.0	 0 	 0 	106.0
0001.913	0000.0	 0 	 0 	106.0
0001.917	0000.0	 0 	 0 	106.0
0001.921	0000.0	 0 	 0 	106.1
0001.925	0000.0	 0 	 0 	106.1
0001.930	0000.0	 0 	 0 	106.1
0001.934	0000.0	 0 	 0 	106.1
0001.938	0000.0	 0 	 0 	106.1
0001.942	0000.0	 0 	 0 	106.2
0001.946	0000.0	 0 	 0 	106.2
0001.951	0000.0	 0 	 0 	106.2
0001.955	0000.0	 0 	 0 	106.2
0001.959	0000.0	 0 	 0 	106.2
0001.963	0000.0	 0 	 0 	106.3
0001.967	0000.0	 0 	 0 	106.3
0001.972	0000.0	 0 	 0 	106.3
0001.976	0000.0	 0 	 0 	106.3
0001.980	0000.0	 0 	 0 	106.4
0001.984	0000.0	 0 	 0 	106.4
0001.988	0000.0	 0 	 0 	106.4
0001.993	0000.0	 0 	 0 	106.4
0001.997	0000.0	 0 	 0 	106.4
0002.001	0000.0	 0 	 0 	106.5
0002.005	0000.0	 0 	 0 	106.5
0002.009	0000.0	 0 	 0 	106.5
0002.014	0000.0	 0 	 0 	106.5
0002.018	0000.0	 0 	 0 	106.5
0002.022	0000.0	 0 	 0 	106.6
0002.026	0000.0	 0 	 0 	106.6
0002.030	0000.0	 0 	 0 	106.6
0002.035	0000.0	 0 	 0 	106.6
0002.039	0000.0	 0 	 0 	106.6
0002.043	0000.0	 0 	 0 	106.7
0002.047	0000.0	 0 	 0 	106.7
0002.052	0000.0	 0 	 0 	106.7
0002.056	0000.0	 0 	 0 	106.7
0002.060	0000.0	 0 	 0 	106.7
0002.064	0000.0	 0 	 0 	106.8
0002.068	0000.0	 0 	 0 	106.8
0002.073	0000.0	 0 	 0 	106.8
0002.077	0000.0	 0 	 0 	106.8
0002.081	0000.0	 0 	 0 	106.8
0002.085	0000.0	 0 	 0 	106.9
0002.089	0000.0	 0 	 0 	106.9
0002.094	0000.0	 0 	 0 	106.9
0002.098	0000.0	 0 	 0 	106.9
0002.102	0000.0	 0 	 0 	106.9
0002.106	0000.0	 0 	 0 	107.0
0002.110	0000.0	 0 	 0 	107.0
0002.115	0000.0	 0 	 0 	107.0
0002.119	0000.0	 0 	 0 	107.0
0002.123	0000.0	 0 	 0 	107.0
0002.127	0000.0	 0 	 0 	107.1
0002.131	0000.0	 0 	 0 	107.1
0002.136	0000.0	 0 	 0 	107.1
0002.140	0000.0	 0 	 0 	107.1
0002.144	0000.0	 0 	 0 	107.1
0002.148	0000.0	 0 	 0 	107.2
0002.152	0000.0	 0 	 0 	107.2
0002.157	0000.0	 0 	 0 	107.2
0002.161	0000.0	 0 	 0 	107.2
0002.165	0000.0	 0 	 0 	107.2
0002.169	0000.0	 0 	 0 	107.3
0002.173	0000.0	 0 	 0 	107.3
0002.178	0000.0	 0 	 0 	107.3
0002.182	0000.0	 0 	 0 	107.3
0002.186	0000.0	 0 	 0 	107.3
0002.190	0000.0	 0 	 0 	107.4
0002.194	0000.0	 0 	 0 	107.4
0002.199	0000.0	 0 	 0 	107.4
0002.203	0000.0	 0 	 0 	107.4
0002.207	0000.0	 0 	 0 	107.4
0002.211	0000.0	 0 	 0 	107.4
0002.215	0000.0	 0 	 0 	107.5
0002.220	0000.0	 0 	 0 	107.5
0002.224	0000.0	 0 	 0 	107.5
0002.228	0000.0	 0 	 0 	107.5
0002.232	0000.0	 0 	 0 	107.5
0002.236	0000.0	 0 	 0 	107.6
0002.241	0000.0	 0 	 0 	107.6
0002.245	0000.0	 0 	 0 	107.6
0002.249	0000.0	 0 	 0 	107.6
0002.253	0000.0	 0 	 0 	107.6
0002.258	0000.0	 0 	 0 	107.7
0002.262	0000.0	 0 	 0 	107.7
0002.266	0000.0	 0 	 0 	107.7
0002.270	0000.0	 0 	 0 	107.7
0002.274	0000.0	 0 	 0 	107.7
0002.279	0000.0	 0 	 0 	107.7
0002.283	0000.0	 0 	 0 	107.8
0002.287	0000.0	 0 	 0 	107.8
0002.291	0000.0	 0 	 0 	107.8
0002.295	0000.0	 0 	 0 	107.8
0002.300	0000.0	 0 	 0 	107.8
0002.304	0000.0	 0 	 0 	107.9
0002.308	0000.0	 0 	 0 	107.9
0002.312	0000.0	 0 	 0 	107.9
0002.316	0000.0	 0 	 0 	107.9
0002.321	0000.0	 0 	 0 	107.9
0002.325	0000.0	 0 	 0 	107.9
0002.329	0000.0	 0 	 0 	108.0
0002.333	0000.0	 0 	 0 	108.0
0002.337	0000.0	 0 	 0 	108.0
0002.342	0000.0	 0 	 0 	108.0
0002.346	0000.0	 0 	 0 	108.0
0002.350	0000.0	 0 	 0 	108.1
0002.354	0000.0	 0 	 0 	108.1
0002.358	0000.0	 0 	 0 	108.1
0002.363	0000.0	 0 	 0 	108.1
0002.367	0000.0	 0 	 0 	108.1
0002.371	0000.0	 0 	 0 	108.1
0002.375	0000.0	 0 	 0 	108.2
0002.379	0000.0	 0 	 0 	108.2
0002.384	0000.0	 0 	 0 	108.2
0002.388	0000.0	 0 	 0 	108.2
0002.392	0000.0	 0 	 0 	108.2
0002.396	0000.0	 0 	 0 	108.2
0002.400	0000.0	 0 	 0 	108.3
0002.405	0000.0	 0 	 0 	108.3
0002.409	0000.0	 0 	 0 	108.3
0002.413	0000.0	 0 	 0 	108.3
0002.417	0000.0	 0 	 0 	108.3
0002.421	0000.0	 0 	 0 	108.3
0002.426	0000.0	 0 	 0 	108.4
0002.430	0000.0	 0 	 0 	108.4
0002.434	0000.0	 0 	 0 	108.4
0002.438	0000.0	 0 	 0 	108.4
0002.442	0000.0	 0 	 0 	108.4
0002.447	0000.0	 0 	 0 	108.4
0002.451	0000.0	 0 	 0 	108.5
0002.455	0000.0	 0 	 0 	108.5
0002.459	0000.0	 0 	 0 	108.5
0002.463	0000.0	 0 	 0 	108.5
0002.468	0000.0	 0 	 0 	108.5
0002.472	0000.0	 0 	 0 	108.5
0002.476	0000.0	 0 	 0 	108.6
0002.480	0000.0	 0 	 0 	108.6
0002.485	0000.0	 0 	 0 	108.6
0002.489	0000.0	 0 	 0 	108.6
0002.493	0000.0	 0 	 0 	108.6
0002.497	0000.0	 0 	 0 	108.6
0002.501	0000.0	 0 	 0 	108.7
0002.506	0000.0	 0 	 0 	108.7
0002.510	0000.0	 0 	 0 	108.7
0002.514	0000.0	 0 	 0 	108.7
0002.518	0000.0	 0 	 0 	108.7
0002.522	0000.0	 0 	 0 	108.7
0002.527	0000.0	 0 	 0 	108.8
0002.531	0000.0	 0 	 0 	108.8
0002.535	0000.0	 0 	 0 	108.8
0002.539	0000.0	 0 	 0 	108.8
0002.543	0000.0	 0 	 0 	108.8
0002.548	0000.0	 0 	 0 	108.8
0002.552	0000.0	 0 	 0 	108.9
0002.556	0000.0	 0 	 0 	108.9
0002.560	0000.0	 0 	 0 	108.9
0002.564	0000.0	 0 	 0 	108.9
0002.569	0000.0	 0 	 0 	108.9
0002.573	0000.0	 0 	 0 	108.9
0002.577	0000.0	 0 	 0 	109.0
0002.581	0000.0	 0 	 0 	109.0
0002.585	0000.0	 0 	 0 	109.0
0002.590	0000.0	 0 	 0 	109.0
0002.594	0000.0	 0 	 0 	109.0
0002.598	0000.0	 0 	 0 	109.0
0002.602	0000.0	 0 	 0 	109.1
0002.606	0000.0	 0 	 0 	109.1
0002.611	0000.0	 0 	 0 	109.1
0002.615	0000.0	 0 	 0 	109.1
0002.619	0000.0	 0 	 0 	109.1
0002.623	0000.0	 0 	 0 	109.1
0002.627	0000.0	 0 	 0 	109.1
0002.632	0000.0	 0 	 0 	109.2
0002.636	0000.0	 0 	 0 	109.2
0002.640	0000.0	 0 	 0 	109.2
0002.644	0000.0	 0 	 0 	109.2
0002.648	0000.0	 0 	 0 	109.2
0002.653	0000.0	 0 	 0 	109.2
0002.657	0000.0	 0 	 0 	109.3
0002.661	0000.0	 0 	 0 	109.3
0002.665	0000.0	 0 	 0 	109.3
0002.669	0000.0	 0 	 0 	109.3
0002.674	0000.0	 0 	 0 	109.3
0002.678	0000.0	 0 	 0 	109.3
0002.682	0000.0	 0 	 0 	109.4
0002.686	0000.0	 0 	 0 	109.4
0002.691	0000.0	 0 	 0 	109.4
0002.695	0000.0	 0 	 0 	109.4
0002.699	0000.0	 0 	 0 	109.4
0002.703	0000.0	 0 	 0 	109.4
0002.707	0000.0	 0 	 0 	109.4
0002.712	0000.0	 0 	 0 	109.5
0002.716	0000.0	 0 	 0 	109.5
0002.720	0000.0	 0 	 0 	109.5
0002.724	0000.0	 0 	 0 	109.5
0002.728	0000.0	 0 	 0 	109.5
0002.733	0000.0	 0 	 0 	109.5
0002.737	0000.0	 0 	 0 	109.5
0002.741	0000.0	 0 	 0 	109.6
0002.745	0000.0	 0 	 0 	109.6
0002.749	0000.0	 0 	 0 	109.6
0002.754	0000.0	 0 	 0 	109.6
0002.758	0000.0	 0 	 0 	109.6
0002.762	0000.0	 0 	 0 	109.6
0002.766	0000.0	 0 	 0 	109.7
0002.770	0000.0	 0 	 0 	109.7
0002.775	0000.0	 0 	 0 	109.7
0002.779	0000.0	 0 	 0 	109.7
0002.783	0000.0	 0 	 0 	109.7
0002.787	0000.0	 0 	 0 	109.7
0002.791	0000.0	 0 	 0 	109.7
0002.796	0000.0	 0 	 0 	109.8
0002.800	0000.0	 0 	 0 	109.8
0002.804	0000.0	 0 	 0 	109.8
0002.808	0000.0	 0 	 0 	109.8
0002.812	0000.0	 0 	 0 	109.8
0002.817	0000.0	 0 	 0 	109.8
0002.821	0000.0	 0 	 0 	109.8
0002.825	0000.0	 0 	 0 	109.9
0002.829	0000.0	 0 	 0 	109.9
0002.833	0000.0	 0 	 0 	109.9
0002.838	0000.0	 0 	 0 	109.9
0002.842	0000.0	 0 	 0 	109.9
0002.846	0000.0	 0 	 0 	109.9
0002.850	0000.0	 0 	 0 	109.9
0002.854	0000.0	 0 	 0 	110.0
0002.859	0000.0	 0 	 0 	110.0
0002.863	0000.0	 0 	 0 	110.0
0002.867	0000.0	 0 	 0 	110.0
0002.871	0000.0	 0 	 0 	110.0
0002.875	0000.0	 0 	 0 	110.0
0002.880	0000.0	 0 	 0 	110.0
0002.884	0000.0	 0 	 0 	110.1
0002.888	0000.0	 0 	 0 	110.1
0002.892	0000.0	 0 	 0 	110.1
0002.897	0000.0	 0 	 0 	110.1
0002.901	0000.0	 0 	 0 	110.1
0002.905	0000.0	 0 	 0 	110.1
0002.909	0000.0	 0 	 0 	110.1
0002.913	0000.0	 0 	 0 	110.2
0002.918	0000.0	 0 	 0 	110.2
0002.922	0000.0	 0 	 0 	110.2
0002.926	0000.0	 0 	 0 	110.2
0002.930	0000.0	 0 	 0 	110.2
0002.934	0000.0	 0 	 0 	110.2
0002.939	0000.0	 0 	 0 	110.2
0002.943	0000.0	 0 	 0 	110.3
0002.947	0000.0	 0 	 0 	110.3
0002.951	0000.0	 0 	 0 	110.3
0002.955	0000.0	 0 	 0 	110.3
0002.960	0000.0	 0 	 0 	110.3
0002.964	0000.0	 0 	 0 	110.3
0002.968	0000.0	 0 	 0 	110.3
0002.972	0000.0	 0 	 0 	110.4
0002.976	0000.0	 0 	 0 	110.4
0002.981	0000.0	 0 	 0 	110.4
0002.985	0000.0	 0 	 0 	110.4
0002.989	0000.0	 0 	 0 	110.4
0002.993	0000.0	 0 	 0 	110.4
0002.997	0000.0	 0 	 0 	110.4
0003.002	0000.0	 0 	 0 	110.5
0003.006	0000.0	 0 	 0 	110.5
0003.010	0000.0	 0 	 0 	110.5
0003.014	0000.0	 0 	 0 	110.5
0003.018	0000.0	 0 	 0 	110.5
0003.023	0000.0	 0 	 0 	110.5
0003.027	0000.0	 0 	 0 	110.5
0003.031	0000.0	 0 	 0 	110.5
0003.035	0000.0	 0 	 0 	110.6
0003.039	0000.0	 0 	 0 	110.6
0003.044	0000.0	 0 	 0 	110.6
0003.048	0000.0	 0 	 0 	110.6
0003.052	0000.0	 0 	 0 	110.6
0003.056	0000.0	 0 	 0 	110.6
0003.060	0000.0	 0 	 0 	110.6
0003.065	0000.0	 0 	 0 	110.7
0003.069	0000.0	 0 	 0 	110.7
0003.073	0000.0	 0 	 0 	110.7
0003.077	0000.0	 0 	 0 	110.7
0003.081	0000.0	 0 	 0 	110.7
0003.086	0000.0	 0 	 0 	110.7
0003.090	0000.0	 0 	 0 	110.7
0003.094	0000.0	 0 	 0 	110.8
0003.098	0000.0	 0 	 0 	110.8
0003.102	0000.0	 0 	 0 	110.8
0003.107	0000.0	 0 	 0 	110.8
0003.111	0000.0	 0 	 0 	110.8
0003.115	0000.0	 0 	 0 	110.8
0003.119	0000.0	 0 	 0 	110.8
0003.124	0000.0	 0 	 0 	110.8
0003.128	0000.0	 0 	 0 	110.9
0003.132	0000.0	 0 	 0 	110.9
0003.136	0000.0	 0 	 0 	110.9
0003.140	0000.0	 0 	 0 	110.9
0003.145	0000.0	 0 	 0 	110.9
0003.149	0000.0	 0 	 0 	110.9
0003.153	0000.0	 0 	 0 	110.9
0003.157	0000.0	 0 	 0 	110.9
0003.161	0000.0	 0 	 0 	111.0
0003.166	0000.0	 0 	 0 	111.0
0003.170	0000.0	 0 	 0 	111.0
0003.174	0000.0	 0 	 0 	111.0
0003.178	0000.0	 0 	 0 	111.0
0003.182	0000.0	 0 	 0 	111.0
0003.187	0000.0	 0 	 0 	111.0
0003.191	0000.0	 0 	 0 	111.1
0003.195	0000.0	 0 	 0 	111.1
0003.199	0000.0	 0 	 0 	111.1
0003.203	0000.0	 0 	 0 	111.1
0003.208	0000.0	 0 	 0 	111.1
0003.212	0000.0	 0 	 0 	111.1
0003.216	0000.0	 0 	 0 	111.1
0003.220	0000.0	 0 	 0 	111.1
0003.224	0000.0	 0 	 0 	111.2
0003.229	0000.0	 0 	 0 	111.2
0003.233	0000.0	 0 	 0 	111.2
0003.237	0000.0	 0 	 0 	111.2
0003.241	0000.0	 0 	 0 	111.2
0003.245	0000.0	 0 	 0 	111.2
0003.250	0000.0	 0 	 0 	111.2
0003.254	0000.0	 0 	 0 	111.2
0003.258	0000.0	 0 	 0 	111.3
0003.262	0000.0	 0 	 0 	111.3
0003.266	0000.0	 0 	 0 	111.3
0003.271	0000.0	 0 	 0 	111.3
0003.275	0000.0	 0 	 0 	111.3
0003.279	0000.0	 0 	 0 	111.3
0003.283	0000.0	 0 	 0 	111.3
0003.287	0000.0	 0 	 0 	111.3
0003.292	0000.0	 0 	 0 	111.4
0003.296	0000.0	 0 	 0 	111.4
0003.300	0000.0	 0 	 0 	111.4
0003.304	0000.0	 0 	 0 	111.4
0003.308	0000.0	 0 	 0 	111.4
0003.313	0000.0	 0 	 0 	111.4
0003.317	0000.0	 0 	 0 	111.4
0003.321	0000.0	 0 	 0 	111.4
0003.325	0000.0	 0 	 0 	111.5
0003.330	0000.0	 0 	 0 	111.5
0003.334	0000.0	 0 	 0 	111.5
0003.338	0000.0	 0 	 0 	111.5
0003.342	0000.0	 0 	 0 	111.5
0003.346	0000.0	 0 	 0 	111.5
0003.351	0000.0	 0 	 0 	111.5
0003.355	0000.0	 0 	 0 	111.5
0003.359	0000.0	 0 	 0 	111.6
0003.363	0000.0	 0 	 0 	111.6
0003.367	0000.0	 0 	 0 	111.6
0003.372	0000.0	 0 	 0 	111.6
0003.376	0000.0	 0 	 0 	111.6
0003.380	0000.0	 0 	 0 	111.6
0003.384	0000.0	 0 	 0 	111.6
0003.388	0000.0	 0 	 0 	111.6
0003.393	0000.0	 0 	 0 	111.6
0003.397	0000.0	 0 	 0 	111.7
0003.401	0000.0	 0 	 0 	111.7
0003.405	0000.0	 0 	 0 	111.7
0003.409	0000.0	 0 	 0 	111.7
0003.414	0000.0	 0 	 0 	111.7
0003.418	0000.0	 0 	 0 	111.7
0003.422	0000.0	 0 	 0 	111.7
0003.426	0000.0	 0 	 0 	111.7
0003.430	0000.0	 0 	 0 	111.8
0003.435	0000.0	 0 	 0 	111.8
0003.439	0000.0	 0 	 0 	111.8
0003.443	0000.0	 0 	 0 	111.8
0003.447	0000.0	 0 	 0 	111.8
0003.451	0000.0	 0 	 0 	111.8
0003.456	0000.0	 0 	 0 	111.8
0003.460	0000.0	 0 	 0 	111.8
0003.464	0000.0	 0 	 0 	111.9
0003.468	0000.0	 0 	 0 	111.9
0003.472	0000.0	 0 	 0 	111.9
0003.477	0000.0	 0 	 0 	111.9
0003.481	0000.0	 0 	 0 	111.9
0003.485	0000.0	 0 	 0 	111.9
0003.489	0000.0	 0 	 0 	111.9
0003.493	0000.0	 0 	 0 	111.9
0003.498	0000.0	 0 	 0 	111.9
0003.502	0000.0	 0 	 0 	112.0
0003.506	0000.0	 0 	 0 	112.0
0003.510	0000.0	 0 	 0 	112.0
0003.514	0000.0	 0 	 0 	112.0
0003.519	0000.0	 0 	 0 	112.0
0003.523	0000.0	 0 	 0 	112.0
0003.527	0000.0	 0 	 0 	112.0
0003.531	0000.0	 0 	 0 	112.0
0003.535	0000.0	 0 	 0 	112.0
0003.540	0000.0	 0 	 0 	112.1
0003.544	0000.0	 0 	 0 	112.1
0003.548	0000.0	 0 	 0 	112.1
0003.552	0000.0	 0 	 0 	112.1
0003.557	0000.0	 0 	 0 	112.1
0003.561	0000.0	 0 	 0 	112.1
0003.565	0000.0	 0 	 0 	112.1
0003.569	0000.0	 0 	 0 	112.1
0003.573	0000.0	 0 	 0 	112.2
0003.578	0000.0	 0 	 0 	112.2
0003.582	0000.0	 0 	 0 	112.2
0003.586	0000.0	 0 	 0 	112.2
0003.590	0000.0	 0 	 0 	112.2
0003.594	0000.0	 0 	 0 	112.2
0003.599	0000.0	 0 	 0 	112.2
0003.603	0000.0	 0 	 0 	112.2
0003.607	0000.0	 0 	 0 	112.2
0003.611	0000.0	 0 	 0 	112.3
0003.615	0000.0	 0 	 0 	112.3
0003.620	0000.0	 0 	 0 	112.3
0003.624	0000.0	 0 	 0 	112.3
0003.628	0000.0	 0 	 0 	112.3
0003.632	0000.0	 0 	 0 	112.3
0003.636	0000.0	 0 	 0 	112.3
0003.641	0000.0	 0 	 0 	112.3
0003.645	0000.0	 0 	 0 	112.3
0003.649	0000.0	 0 	 0 	112.4
0003.653	0000.0	 0 	 0 	112.4
0003.657	0000.0	 0 	 0 	112.4
0003.662	0000.0	 0 	 0 	112.4
0003.666	0000.0	 0 	 0 	112.4
0003.670	0000.0	 0 	 0 	112.4
0003.674	0000.0	 0 	 0 	112.4
0003.678	0000.0	 0 	 0 	112.4
0003.683	0000.0	 0 	 0 	112.4
0003.687	0000.0	 0 	 0 	112.5
0003.691	0000.0	 0 	 0 	112.5
0003.695	0000.0	 0 	 0 	112.5
0003.699	0000.0	 0 	 0 	112.5
0003.704	0000.0	 0 	 0 	112.5
0003.708	0000.0	 0 	 0 	112.5
0003.712	0000.0	 0 	 0 	112.5
0003.716	0000.0	 0 	 0 	112.5
0003.720	0000.0	 0 	 0 	112.5
0003.725	0000.0	 0 	 0 	112.6
0003.729	0000.0	 0 	 0 	112.6
0003.733	0000.0	 0 	 0 	112.6
0003.737	0000.0	 0 	 0 	112.6
0003.741	0000.0	 0 	 0 	112.6
0003.746	0000.0	 0 	 0 	112.6
0003.750	0000.0	 0 	 0 	112.6
0003.754	0000.0	 0 	 0 	112.6
0003.758	0000.0	 0 	 0 	112.6
0003.763	0000.0	 0 	 0 	112.7
0003.767	0000.0	 0 	 0 	112.7
0003.771	0000.0	 0 	 0 	112.7
0003.775	0000.0	 0 	 0 	112.7
0003.779	0000.0	 0 	 0 	112.7
0003.784	0000.0	 0 	 0 	112.7
0003.788	0000.0	 0 	 0 	112.7
0003.792	0000.0	 0 	 0 	112.7
0003.796	0000.0	 0 	 0 	112.7
0003.800	0000.0	 0 	 0 	112.7
0003.805	0000.0	 0 	 0 	112.8
0003.809	0000.0	 0 	 0 	112.8
0003.813	0000.0	 0 	 0 	112.8
0003.817	0000.0	 0 	 0 	112.8
0003.821	0000.0	 0 	 0 	112.8
0003.826	0000.0	 0 	 0 	112.8
0003.830	0000.0	 0 	 0 	112.8
0003.834	0000.0	 0 	 0 	112.8
0003.838	0000.0	 0 	 0 	112.8
0003.842	0000.0	 0 	 0 	112.9
0003.847	0000.0	 0 	 0 	112.9
0003.851	0000.0	 0 	 0 	112.9
0003.855	0000.0	 0 	 0 	112.9
0003.859	0000.0	 0 	 0 	112.9
0003.863	0000.0	 0 	 0 	112.9
0003.868	0000.0	 0 	 0 	112.9
0003.872	0000.0	 0 	 0 	112.9
0003.876	0000.0	 0 	 0 	112.9
0003.880	0000.0	 0 	 0 	113.0
0003.884	0000.0	 0 	 0 	113.0
0003.889	0000.0	 0 	 0 	113.0
0003.893	0000.0	 0 	 0 	113.0
0003.897	0000.0	 0 	 0 	113.0
0003.901	0000.0	 0 	 0 	113.0
0003.905	0000.0	 0 	 0 	113.0
0003.910	0000.0	 0 	 0 	113.0
0003.914	0000.0	 0 	 0 	113.0
0003.918	0000.0	 0 	 0 	113.0
0003.922	0000.0	 0 	 0 	113.1
0003.926	0000.0	 0 	 0 	113.1
0003.931	0000.0	 0 	 0 	113.1
0003.935	0000.0	 0 	 0 	113.1
0003.939	0000.0	 0 	 0 	113.1
0003.943	0000.0	 0 	 0 	113.1
0003.947	0000.0	 0 	 0 	113.1
0003.952	0000.0	 0 	 0 	113.1
0003.956	0000.0	 0 	 0 	113.1
0003.960	0000.0	 0 	 0 	113.1
0003.964	0000.0	 0 	 0 	113.2
0003.969	0000.0	 0 	 0 	113.2
0003.973	0000.0	 0 	 0 	113.2
0003.977	0000.0	 0 	 0 	113.2
0003.981	0000.0	 0 	 0 	113.2
0003.985	0000.0	 0 	 0 	113.2
0003.990	0000.0	 0 	 0 	113.2
0003.994	0000.0	 0 	 0 	113.2
0003.998	0000.0	 0 	 0 	113.2
0004.002	0000.0	 0 	 0 	113.3
0004.006	0000.0	 0 	 0 	113.3
0004.011	0000.0	 0 	 0 	113.3
0004.015	0000.0	 0 	 0 	113.3
0004.019	0000.0	 0 	 0 	113.3
0004.023	0000.0	 0 	 0 	113.3
0004.027	0000.0	 0 	 0 	113.3
0004.032	0000.0	 0 	 0 	113.3
0004.036	0000.0	 0 	 0 	113.3
0004.040	0000.0	 0 	 0 	113.3
0004.044	0000.0	 0 	 0 	113.4
0004.048	0000.0	 0 	 0 	113.4
0004.053	0000.0	 0 	 0 	113.4
0004.057	0000.0	 0 	 0 	113.4
0004.061	0000.0	 0 	 0 	113.4
0004.065	0000.0	 0 	 0 	113.4
0004.069	0000.0	 0 	 0 	113.4
0004.074	0000.0	 0 	 0 	113.4
0004.078	0000.0	 0 	 0 	113.4
0004.082	0000.0	 0 	 0 	113.4
0004.086	0000.0	 0 	 0 	113.5
0004.090	0000.0	 0 	 0 	113.5
0004.095	0000.0	 0 	 0 	113.5
0004.099	0000.0	 0 	 0 	113.5
0004.103	0000.0	 0 	 0 	113.5
0004.107	0000.0	 0 	 0 	113.5
0004.111	0000.0	 0 	 0 	113.5
0004.116	0000.0	 0 	 0 	113.5
0004.120	0000.0	 0 	 0 	113.5
0004.124	0000.0	 0 	 0 	113.5
0004.128	0000.0	 0 	 0 	113.6
0004.132	0000.0	 0 	 0 	113.6
0004.137	0000.0	 0 	 0 	113.6
0004.141	0000.0	 0 	 0 	113.6
0004.145	0000.0	 0 	 0 	113.6
0004.149	0000.0	 0 	 0 	113.6
0004.153	0000.0	 0 	 0 	113.6
0004.158	0000.0	 0 	 0 	113.6
0004.162	0000.0	 0 	 0 	113.6
0004.166	0000.0	 0 	 0 	113.6
0004.170	0000.0	 0 	 0 	113.6
0004.174	0000.0	 0 	 0 	113.7
0004.179	0000.0	 0 	 0 	113.7
0004.183	0000.0	 0 	 0 	113.7
0004.187	0000.0	 0 	 0 	113.7
0004.191	0000.0	 0 	 0 	113.7
0004.196	0000.0	 0 	 0 	113.7
0004.200	0000.0	 0 	 0 	113.7
0004.204	0000.0	 0 	 0 	113.7
0004.208	0000.0	 0 	 0 	113.7
0004.212	0000.0	 0 	 0 	113.7
0004.217	0000.0	 0 	 0 	113.8
0004.221	0000.0	 0 	 0 	113.8
0004.225	0000.0	 0 	 0 	113.8
0004.229	0000.0	 0 	 0 	113.8
0004.233	0000.0	 0 	 0 	113.8
0004.238	0000.0	 0 	 0 	113.8
0004.242	0000.0	 0 	 0 	113.8
0004.246	0000.0	 0 	 0 	113.8
0004.250	0000.0	 0 	 0 	113.8
0004.254	0000.0	 0 	 0 	113.8
0004.259	0000.0	 0 	 0 	113.9
0004.263	0000.0	 0 	 0 	113.9
0004.267	0000.0	 0 	 0 	113.9
0004.271	0000.0	 0 	 0 	113.9
0004.275	0000.0	 0 	 0 	113.9
0004.280	0000.0	 0 	 0 	113.9
0004.284	0000.0	 0 	 0 	113.9
0004.288	0000.0	 0 	 0 	113.9
0004.292	0000.0	 0 	 0 	113.9
0004.296	0000.0	 0 	 0 	113.9
0004.301	0000.0	 0 	 0 	113.9
0004.305	0000.0	 0 	 0 	114.0
0004.309	0000.0	 0 	 0 	114.0
0004.313	0000.0	 0 	 0 	114.0
0004.317	0000.0	 0 	 0 	114.0
0004.322	0000.0	 0 	 0 	114.0
0004.326	0000.0	 0 	 0 	114.0
0004.330	0000.0	 0 	 0 	114.0
0004.334	0000.0	 0 	 0 	114.0
0004.338	0000.0	 0 	 0 	114.0
0004.343	0000.0	 0 	 0 	114.0
0004.347	0000.0	 0 	 0 	114.0
0004.351	0000.0	 0 	 0 	114.1
0004.355	0000.0	 0 	 0 	114.1
0004.359	0000.0	 0 	 0 	114.1
0004.364	0000.0	 0 	 0 	114.1
0004.368	0000.0	 0 	 0 	114.1
0004.372	0000.0	 0 	 0 	114.1
0004.376	0000.0	 0 	 0 	114.1
0004.380	0000.0	 0 	 0 	114.1
0004.385	0000.0	 0 	 0 	114.1
0004.389	0000.0	 0 	 0 	114.1
0004.393	0000.0	 0 	 0 	114.2
0004.397	0000.0	 0 	 0 	114.2
0004.402	0000.0	 0 	 0 	114.2
0004.406	0000.0	 0 	 0 	114.2
0004.410	0000.0	 0 	 0 	114.2
0004.414	0000.0	 0 	 0 	114.2
0004.418	0000.0	 0 	 0 	114.2
0004.423	0000.0	 0 	 0 	114.2
0004.427	0000.0	 0 	 0 	114.2
0004.431	0000.0	 0 	 0 	114.2
0004.435	0000.0	 0 	 0 	114.2
0004.439	0000.0	 0 	 0 	114.3
0004.444	0000.0	 0 	 0 	114.3
0004.448	0000.0	 0 	 0 	114.3
0004.452	0000.0	 0 	 0 	114.3
0004.456	0000.0	 0 	 0 	114.3
0004.460	0000.0	 0 	 0 	114.3
0004.465	0000.0	 0 	 0 	114.3
0004.469	0000.0	 0 	 0 	114.3
0004.473	0000.0	 0 	 0 	114.3
0004.477	0000.0	 0 	 0 	114.3
0004.481	0000.0	 0 	 0 	114.3
0004.486	0000.0	 0 	 0 	114.4
0004.490	0000.0	 0 	 0 	114.4
0004.494	0000.0	 0 	 0 	114.4
0004.498	0000.0	 0 	 0 	114.4
0004.502	0000.0	 0 	 0 	114.4
0004.507	0000.0	 0 	 0 	114.4
0004.511	0000.0	 0 	 0 	114.4
0004.515	0000.0	 0 	 0 	114.4
0004.519	0000.0	 0 	 0 	114.4
0004.523	0000.0	 0 	 0 	114.4
0004.528	0000.0	 0 	 0 	114.4
0004.532	0000.0	 0 	 0 	114.5
0004.536	0000.0	 0 	 0 	114.5
0004.540	0000.0	 0 	 0 	114.5
0004.544	0000.0	 0 	 0 	114.5
0004.549	0000.0	 0 	 0 	114.5
0004.553	0000.0	 0 	 0 	114.5
0004.557	0000.0	 0 	 0 	114.5
0004.561	0000.0	 0 	 0 	114.5
0004.565	0000.0	 0 	 0 	114.5
0004.570	0000.0	 0 	 0 	114.5
0004.574	0000.0	 0 	 0 	114.5
0004.578	0000.0	 0 	 0 	114.6
0004.582	0000.0	 0 	 0 	114.6
0004.586	0000.0	 0 	 0 	114.6
0004.591	0000.0	 0 	 0 	114.6
0004.595	0000.0	 0 	 0 	114.6
0004.599	0000.0	 0 	 0 	114.6
0004.603	0000.0	 0 	 0 	114.6
0004.607	0000.0	 0 	 0 	114.6
0004.612	0000.0	 0 	 0 	114.6
0004.616	0000.0	 0 	 0 	114.6
0004.620	0000.0	 0 	 0 	114.6
0004.624	0000.0	 0 	 0 	114.6
0004.629	0000.0	 0 	 0 	114.7
0004.633	0000.0	 0 	 0 	114.7
0004.637	0000.0	 0 	 0 	114.7
0004.641	0000.0	 0 	 0 	114.7
0004.645	0000.0	 0 	 0 	114.7
0004.650	0000.0	 0 	 0 	114.7
0004.654	0000.0	 0 	 0 	114.7
0004.658	0000.0	 0 	 0 	114.7
0004.662	0000.0	 0 	 0 	114.7
0004.666	0000.0	 0 	 0 	114.7
0004.671	0000.0	 0 	 0 	114.7
0004.675	0000.0	 0 	 0 	114.8
0004.679	0000.0	 0 	 0 	114.8
0004.683	0000.0	 0 	 0 	114.8
0004.687	0000.0	 0 	 0 	114.8
0004.692	0000.0	 0 	 0 	114.8
0004.696	0000.0	 0 	 0 	114.8
0004.700	0000.0	 0 	 0 	114.8
0004.704	0000.0	 0 	 0 	114.8
0004.708	0000.0	 0 	 0 	114.8
0004.713	0000.0	 0 	 0 	114.8
0004.717	0000.0	 0 	 0 	114.8
0004.721	0000.0	 0 	 0 	114.8
0004.725	0000.0	 0 	 0 	114.9
0004.729	0000.0	 0 	 0 	114.9
0004.734	0000.0	 0 	 0 	114.9
0004.738	0000.0	 0 	 0 	114.9
0004.742	0000.0	 0 	 0 	114.9
0004.746	0000.0	 0 	 0 	114.9
0004.750	0000.0	 0 	 0 	114.9
0004.755	0000.0	 0 	 0 	114.9
0004.759	0000.0	 0 	 0 	114.9
0004.763	0000.0	 0 	 0 	114.9
0004.767	0000.0	 0 	 0 	114.9
0004.771	0000.0	 0 	 0 	114.9
0004.776	0000.0	 0 	 0 	115.0
0004.780	0000.0	 0 	 0 	115.0
0004.784	0000.0	 0 	 0 	115.0
0004.788	0000.0	 0 	 0 	115.0
0004.792	0000.0	 0 	 0 	115.0
0004.797	0000.0	 0 	 0 	115.0
0004.801	0000.0	 0 	 0 	115.0
0004.805	0000.0	 0 	 0 	115.0
0004.809	0000.0	 0 	 0 	115.0
0004.813	0000.0	 0 	 0 	115.0
0004.818	0000.0	 0 	 0 	115.0
0004.822	0000.0	 0 	 0 	115.1
0004.826	0000.0	 0 	 0 	115.1
0004.830	0000.0	 0 	 0 	115.1
0004.835	0000.0	 0 	 0 	115.1
0004.839	0000.0	 0 	 0 	115.1
0004.843	0000.0	 0 	 0 	115.1
0004.847	0000.0	 0 	 0 	115.1
0004.851	0000.0	 0 	 0 	115.1
0004.856	0000.0	 0 	 0 	115.1
0004.860	0000.0	 0 	 0 	115.1
0004.864	0000.0	 0 	 0 	115.1
0004.868	0000.0	 0 	 0 	115.1
0004.872	0000.0	 0 	 0 	115.2
0004.877	0000.0	 0 	 0 	115.2
0004.881	0000.0	 0 	 0 	115.2
0004.885	0000.0	 0 	 0 	115.2
0004.889	0000.0	 0 	 0 	115.2
0004.893	0000.0	 0 	 0 	115.2
0004.898	0000.0	 0 	 0 	115.2
0004.902	0000.0	 0 	 0 	115.2
0004.906	0000.0	 0 	 0 	115.2
0004.910	0000.0	 0 	 0 	115.2
0004.914	0000.0	 0 	 0 	115.2
0004.919	0000.0	 0 	 0 	115.2
0004.923	0000.0	 0 	 0 	115.3
0004.927	0000.0	 0 	 0 	115.3
0004.931	0000.0	 0 	 0 	115.3
0004.935	0000.0	 0 	 0 	115.3
0004.940	0000.0	 0 	 0 	115.3
0004.944	0000.0	 0 	 0 	115.3
0004.948	0000.0	 0 	 0 	115.3
0004.952	0000.0	 0 	 0 	115.3
0004.956	0000.0	 0 	 0 	115.3
0004.961	0000.0	 0 	 0 	115.3
0004.965	0000.0	 0 	 0 	115.3
0004.969	0000.0	 0 	 0 	115.3
0004.973	0000.0	 0 	 0 	115.3
0004.977	0000.0	 0 	 0 	115.4
0004.982	0000.0	 0 	 0 	115.4
0004.986	0000.0	 0 	 0 	115.4
0004.990	0000.0	 0 	 0 	115.4
