0	0
0.004	0
0.008	63.8
0.013	68.8
0.017	70
0.021	79.3
0.025	100.2
0.029	102.7
0.034	103.2
0.038	104.4
0.042	105.9
0.046	109.3
0.05	111.4
0.055	107.9
0.059	103.9
0.063	101
0.067	98.3
0.071	95.8
0.076	93.2
0.08	91.1
0.084	90.9
0.088	90.8
0.092	90.6
0.097	90.6
0.101	90.5
0.105	90.5
0.109	90.5
0.114	90.5
0.118	90.6
0.122	90.6
0.126	90.7
0.13	90.7
0.135	90.8
0.139	90.9
0.143	90.9
0.147	91
0.151	91.1
0.156	91.2
0.16	91.3
0.164	91.4
0.168	91.5
0.172	91.6
0.177	91.8
0.181	92
0.185	92.1
0.189	92.3
0.193	92.4
0.198	92.6
0.202	92.7
0.206	92.9
0.21	93
0.214	93.1
0.219	93.2
0.223	93.4
0.227	93.5
0.231	93.6
0.235	93.7
0.24	90.8
0.244	91
0.248	91.3
0.252	91.5
0.256	91.7
0.261	92
0.265	92.2
0.269	92.5
0.273	92.7
0.277	92.9
0.282	93.1
0.286	93.3
0.29	93.5
0.294	93.7
0.298	93.9
0.303	94.1
0.307	94.3
0.311	94.6
0.315	94.8
0.319	95
0.324	95.2
0.328	95.4
0.332	95.6
0.336	95.8
0.341	97
0.345	97.1
0.349	97.3
0.353	97.5
0.357	97.6
0.362	97.8
0.366	97.9
0.37	98.1
0.374	98.2
0.378	98.4
0.383	98.5
0.387	98.7
0.391	98.8
0.395	99
0.399	99.1
0.404	99.3
0.408	99.4
0.412	99.5
0.416	99.6
0.42	99.8
0.425	99.9
0.429	100
0.433	100.2
0.437	100.3
0.441	100.4
0.446	100.5
0.45	100.7
0.454	100.8
0.458	100.9
0.462	101
0.467	101.1
0.471	101.3
0.475	101.4
0.479	101.5
0.483	101.6
0.488	101.7
0.492	101.8
0.496	101.9
0.5	102
0.504	102.1
0.509	102.3
0.513	102.4
0.517	102.5
0.521	102.6
0.525	102.7
0.53	102.8
0.534	102.9
0.538	103
0.542	103.1
0.547	103.2
0.551	103.3
0.555	103.4
0.559	103.5
0.563	103.5
0.568	103.6
0.572	103.7
0.576	103.8
0.58	103.9
0.584	104
0.589	104.1
0.593	104.2
0.597	104.3
0.601	104.4
0.605	104.5
0.61	104.5
0.614	104.6
0.618	104.7
0.622	104.8
0.626	104.9
0.631	105
0.635	105
0.639	105.1
0.643	105.2
0.647	105.3
0.652	105.4
0.656	105.4
0.66	105.5
0.664	105.6
0.668	105.7
0.673	105.8
0.677	105.8
0.681	105.9
0.685	106
0.689	106.1
0.694	106.1
0.698	106.2
0.702	106.3
0.706	106.3
0.71	106.4
0.715	106.5
0.719	106.6
0.723	106.6
0.727	106.7
0.731	106.8
0.736	106.9
0.74	106.9
0.744	107
0.748	107.1
0.753	107.1
0.757	107.2
0.761	107.3
0.765	107.3
0.769	107.4
0.774	107.5
0.778	107.5
0.782	107.6
0.786	107.7
0.79	107.7
0.795	107.8
0.799	107.8
0.803	107.9
0.807	108
0.811	108
0.816	108.1
0.82	108.2
0.824	108.2
0.828	108.3
0.832	108.3
0.837	108.4
0.841	108.5
0.845	108.5
0.849	108.6
0.853	108.6
0.858	108.7
0.862	108.8
0.866	108.8
0.87	108.9
0.874	108.9
0.879	109
0.883	109
0.887	109.1
0.891	109.2
0.895	109.2
0.9	109.3
0.904	109.3
0.908	109.4
0.912	109.4
0.916	109.5
0.921	109.5
0.925	109.6
0.929	109.7
0.933	109.7
0.937	109.8
0.942	109.8
0.946	109.9
0.95	109.9
0.954	110
0.958	110
0.963	110.1
0.967	110.1
0.971	110.2
0.975	110.2
0.98	110.3
0.984	110.3
0.988	110.4
0.992	110.4
0.996	110.5
1.001	110.5
1.005	110.6
1.009	110.6
1.013	110.7
1.017	110.7
1.022	110.8
1.026	110.8
1.03	110.9
1.034	110.9
1.038	111
1.043	111
1.047	111.1
1.051	111.1
1.055	111.2
1.059	111.2
1.064	111.3
1.068	111.3
1.072	111.3
1.076	111.4
1.08	111.4
1.085	111.5
1.089	111.5
1.093	111.6
1.097	111.6
1.101	111.7
1.106	111.7
1.11	111.8
1.114	111.8
1.118	111.8
1.122	111.9
1.127	111.9
1.131	112
1.135	112
1.139	112.1
1.143	112.1
1.148	112.1
1.152	112.2
1.156	112.2
1.16	112.3
1.164	112.3
1.169	112.4
1.173	112.4
1.177	112.4
1.181	112.5
1.186	112.5
1.19	112.6
1.194	112.6
1.198	112.6
1.202	112.7
1.207	112.7
1.211	112.8
1.215	112.8
1.219	112.8
1.223	112.9
1.228	112.9
1.232	113
1.236	113
1.24	113
1.244	113.1
1.249	113.1
1.253	113.2
1.257	113.2
1.261	113.2
1.265	113.3
1.27	113.3
1.274	113.4
1.278	113.4
1.282	113.4
1.286	113.5
1.291	113.5
1.295	113.5
1.299	113.6
1.303	113.6
1.307	113.7
1.312	113.7
1.316	113.7
1.32	113.8
1.324	113.8
1.328	113.8
1.333	113.9
1.337	113.9
1.341	113.9
1.345	114
1.349	114
1.354	114.1
1.358	114.1
1.362	114.1
1.366	114.2
1.37	114.2
1.375	114.2
1.379	114.3
1.383	114.3
1.387	114.3
1.391	114.4
1.396	114.4
1.4	114.4
1.404	114.5
1.408	114.5
1.413	114.5
1.417	114.6
1.421	114.6
1.425	114.6
1.429	114.7
1.434	114.7
1.438	114.7
1.442	114.8
1.446	114.8
1.45	114.9
1.455	114.9
1.459	114.9
1.463	114.9
1.467	115
1.471	115
1.476	115
1.48	115.1
1.484	115.1
1.488	115.1
1.492	115.2
1.497	115.2
1.501	115.2
1.505	115.3
1.509	115.3
1.513	115.3
1.518	115.4
1.522	115.4
1.526	115.4
1.53	115.5
1.534	115.5
1.539	115.5
1.543	115.6
1.547	115.6
1.551	115.6
1.555	115.6
1.56	115.7
1.564	115.7
1.568	115.7
1.572	115.8
1.576	115.8
1.581	115.8
1.585	115.9
1.589	115.9
1.593	115.9
1.597	116
1.602	116
1.606	116
1.61	116
1.614	116.1
1.619	116.1
1.623	116.1
1.627	116.2
1.631	116.2
1.635	116.2
1.64	116.2
1.644	116.3
1.648	116.3
1.652	116.3
1.656	116.4
1.661	116.4
1.665	116.4
1.669	116.4
1.673	116.5
1.677	116.5
1.682	116.5
1.686	116.6
1.69	116.6
1.694	116.6
1.698	116.6
1.703	116.7
1.707	116.7
1.711	116.7
1.715	116.8
1.719	116.8
1.724	116.8
1.728	116.8
1.732	116.9
1.736	116.9
1.74	116.9
1.745	117
1.749	117
1.753	117
1.757	117
1.761	117.1
1.766	117.1
1.77	117.1
1.774	117.1
1.778	117.2
1.782	117.2
1.787	117.2
1.791	117.2
1.795	117.3
1.799	117.3
1.803	117.3
1.808	117.3
1.812	117.4
1.816	117.4
1.82	117.4
1.825	117.5
1.829	117.5
1.833	117.5
1.837	117.5
1.841	117.6
1.846	117.6
1.85	117.6
1.854	117.6
1.858	117.7
1.862	117.7
1.867	117.7
1.871	117.7
1.875	117.8
1.879	117.8
1.883	117.8
1.888	117.8
1.892	117.9
1.896	117.9
1.9	117.9
1.904	117.9
1.909	118
1.913	118
1.917	118
1.921	118
1.925	118.1
1.93	118.1
1.934	118.1
1.938	118.1
1.942	118.2
1.946	118.2
1.951	118.2
1.955	118.2
1.959	118.3
1.963	118.3
1.967	118.3
1.972	118.3
1.976	118.3
1.98	118.4
1.984	118.4
1.988	118.4
1.993	118.4
1.997	118.5
2.001	118.5
2.005	118.5
2.009	118.5
2.014	118.6
2.018	118.6
2.022	118.6
2.026	118.6
2.03	118.7
2.035	118.7
2.039	118.7
2.043	118.7
2.047	118.7
2.052	118.8
2.056	118.8
2.06	118.8
2.064	118.8
2.068	118.9
2.073	118.9
2.077	118.9
2.081	118.9
2.085	119
2.089	119
2.094	119
2.098	119
2.102	119
2.106	119.1
2.11	119.1
2.115	119.1
2.119	119.1
2.123	119.2
2.127	119.2
2.131	119.2
2.136	119.2
2.14	119.2
2.144	119.3
2.148	119.3
2.152	119.3
2.157	119.3
2.161	119.4
2.165	119.4
2.169	119.4
2.173	119.4
2.178	119.4
2.182	119.5
2.186	119.5
2.19	119.5
2.194	119.5
2.199	119.5
2.203	119.6
2.207	119.6
2.211	119.6
2.215	119.6
2.22	119.6
2.224	119.7
2.228	119.7
2.232	119.7
2.236	119.7
2.241	119.8
2.245	119.8
2.249	119.8
2.253	119.8
2.258	119.8
2.262	119.9
2.266	119.9
2.27	119.9
2.274	119.9
2.279	119.9
2.283	120
2.287	120
2.291	120
2.295	120
2.3	120
2.304	120.1
2.308	120.1
2.312	120.1
2.316	120.1
2.321	120.1
2.325	120.2
2.329	120.2
2.333	120.2
2.337	120.2
2.342	120.2
2.346	120.3
2.35	120.3
2.354	120.3
2.358	120.3
2.363	120.3
2.367	120.4
2.371	120.4
2.375	120.4
2.379	120.4
2.384	120.4
2.388	120.5
2.392	120.5
2.396	120.5
2.4	120.5
2.405	120.5
2.409	120.6
2.413	120.6
2.417	120.6
2.421	120.6
2.426	120.6
2.43	120.7
2.434	120.7
2.438	120.7
2.442	120.7
2.447	120.7
2.451	120.7
2.455	120.8
2.459	120.8
2.463	120.8
2.468	120.8
2.472	120.8
2.476	120.9
2.48	120.9
2.485	120.9
2.489	120.9
2.493	120.9
2.497	121
2.501	121
2.506	121
2.51	121
2.514	121
2.518	121
2.522	121.1
2.527	121.1
2.531	121.1
2.535	121.1
2.539	121.1
2.543	121.2
2.548	121.2
2.552	121.2
2.556	121.2
2.56	121.2
2.564	121.2
2.569	121.3
2.573	121.3
2.577	121.3
2.581	121.3
2.585	121.3
2.59	121.4
2.594	121.4
2.598	121.4
2.602	121.4
2.606	121.4
2.611	121.4
2.615	121.5
2.619	121.5
2.623	121.5
2.627	121.5
2.632	121.5
2.636	121.6
2.64	121.6
2.644	121.6
2.648	121.6
2.653	121.6
2.657	121.6
2.661	121.7
2.665	121.7
2.669	121.7
2.674	121.7
2.678	121.7
2.682	121.7
2.686	121.8
2.691	121.8
2.695	121.8
2.699	121.8
2.703	121.8
2.707	121.8
2.712	121.9
2.716	121.9
2.72	121.9
2.724	121.9
2.728	121.9
2.733	121.9
2.737	122
2.741	122
2.745	122
2.749	122
2.754	122
2.758	122.1
2.762	122.1
2.766	122.1
2.77	122.1
2.775	122.1
2.779	122.1
2.783	122.2
2.787	122.2
2.791	122.2
2.796	122.2
2.8	122.2
2.804	122.2
2.808	122.2
2.812	122.3
2.817	122.3
2.821	122.3
2.825	122.3
2.829	122.3
2.833	122.3
2.838	122.4
2.842	122.4
2.846	122.4
2.85	122.4
2.854	122.4
2.859	122.4
2.863	122.5
2.867	122.5
2.871	122.5
2.875	122.5
2.88	122.5
2.884	122.5
2.888	122.6
2.892	122.6
2.897	122.6
2.901	122.6
2.905	122.6
2.909	122.6
2.913	122.7
2.918	122.7
2.922	122.7
2.926	122.7
2.93	122.7
2.934	122.7
2.939	122.7
2.943	122.8
2.947	122.8
2.951	122.8
2.955	122.8
2.96	122.8
2.964	122.8
2.968	122.9
2.972	122.9
2.976	122.9
2.981	122.9
2.985	122.9
2.989	122.9
2.993	123
2.997	123
3.002	123
3.006	123
3.01	123
3.014	123
3.018	123
3.023	123.1
3.027	123.1
3.031	123.1
3.035	123.1
3.039	123.1
3.044	123.1
3.048	123.1
3.052	123.2
3.056	123.2
3.06	123.2
3.065	123.2
3.069	123.2
3.073	123.2
3.077	123.3
3.081	123.3
3.086	123.3
3.09	123.3
3.094	123.3
3.098	123.3
3.102	123.3
3.107	123.4
3.111	123.4
3.115	123.4
3.119	123.4
3.124	123.4
3.128	123.4
3.132	123.4
3.136	123.5
3.14	123.5
3.145	123.5
3.149	123.5
3.153	123.5
3.157	123.5
3.161	123.5
3.166	123.6
3.17	123.6
3.174	123.6
3.178	123.6
3.182	123.6
3.187	123.6
3.191	123.7
3.195	123.7
3.199	123.7
3.203	123.7
3.208	123.7
3.212	123.7
3.216	123.7
3.22	123.8
3.224	123.8
3.229	123.8
3.233	123.8
3.237	123.8
3.241	123.8
3.245	123.8
3.25	123.9
3.254	123.9
3.258	123.9
3.262	123.9
3.266	123.9
3.271	123.9
3.275	123.9
3.279	123.9
3.283	124
3.287	124
3.292	124
3.296	124
3.3	124
3.304	124
3.308	124
3.313	124.1
3.317	124.1
3.321	124.1
3.325	124.1
3.33	124.1
3.334	124.1
3.338	124.1
3.342	124.2
3.346	124.2
3.351	124.2
3.355	124.2
3.359	124.2
3.363	124.2
3.367	124.2
3.372	124.3
3.376	124.3
3.38	124.3
3.384	124.3
3.388	124.3
3.393	124.3
3.397	124.3
3.401	124.3
3.405	124.4
3.409	124.4
3.414	124.4
3.418	124.4
3.422	124.4
3.426	124.4
3.43	124.4
3.435	124.5
3.439	124.5
3.443	124.5
3.447	124.5
3.451	124.5
3.456	124.5
3.46	124.5
3.464	124.5
3.468	124.6
3.472	124.6
3.477	124.6
3.481	124.6
3.485	124.6
3.489	124.6
3.493	124.6
3.498	124.7
3.502	124.7
3.506	124.7
3.51	124.7
3.514	124.7
3.519	124.7
3.523	124.7
3.527	124.7
3.531	124.8
3.535	124.8
3.54	124.8
3.544	124.8
3.548	124.8
3.552	124.8
3.557	124.8
3.561	124.8
3.565	124.9
3.569	124.9
3.573	124.9
3.578	124.9
3.582	124.9
3.586	124.9
3.59	124.9
3.594	125
3.599	125
3.603	125
3.607	125
3.611	125
3.615	125
3.62	125
3.624	125
3.628	125.1
3.632	125.1
3.636	125.1
3.641	125.1
3.645	125.1
3.649	125.1
3.653	125.1
3.657	125.1
3.662	125.2
3.666	125.2
3.67	125.2
3.674	125.2
3.678	125.2
3.683	125.2
3.687	125.2
3.691	125.2
3.695	125.3
3.699	125.3
3.704	125.3
3.708	125.3
3.712	125.3
3.716	125.3
3.72	125.3
3.725	125.3
3.729	125.3
3.733	125.4
3.737	125.4
3.741	125.4
3.746	125.4
3.75	125.4
3.754	125.4
3.758	125.4
3.763	125.4
3.767	125.5
3.771	125.5
3.775	125.5
3.779	125.5
3.784	125.5
3.788	125.5
3.792	125.5
3.796	125.5
3.8	125.6
3.805	125.6
3.809	125.6
3.813	125.6
3.817	125.6
3.821	125.6
3.826	125.6
3.83	125.6
3.834	125.7
3.838	125.7
3.842	125.7
3.847	125.7
3.851	125.7
3.855	125.7
3.859	125.7
3.863	125.7
3.868	125.7
3.872	125.8
3.876	125.8
3.88	125.8
3.884	125.8
3.889	125.8
3.893	125.8
3.897	125.8
3.901	125.8
3.905	125.9
3.91	125.9
3.914	125.9
3.918	125.9
3.922	125.9
3.926	125.9
3.931	125.9
3.935	125.9
3.939	125.9
3.943	126
3.947	126
3.952	126
3.956	126
3.96	126
3.964	126
3.969	126
3.973	126
3.977	126.1
3.981	126.1
3.985	126.1
3.99	126.1
3.994	126.1
3.998	126.1
4.002	126.1
4.006	126.1
4.011	126.1
4.015	126.2
4.019	126.2
4.023	126.2
4.027	126.2
4.032	126.2
4.036	126.2
4.04	126.2
4.044	126.2
4.048	126.2
4.053	126.3
4.057	126.3
4.061	126.3
4.065	126.3
4.069	126.3
4.074	126.3
4.078	126.3
4.082	126.3
4.086	126.3
4.09	126.4
4.095	126.4
4.099	126.4
4.103	126.4
4.107	126.4
4.111	126.4
4.116	126.4
4.12	126.4
4.124	126.4
4.128	126.5
4.132	126.5
4.137	126.5
4.141	126.5
4.145	126.5
4.149	126.5
4.153	126.5
4.158	126.5
4.162	126.5
4.166	126.6
4.17	126.6
4.174	126.6
4.179	126.6
4.183	126.6
4.187	126.6
4.191	126.6
4.196	126.6
4.2	126.6
4.204	126.7
4.208	126.7
4.212	126.7
4.217	126.7
4.221	126.7
4.225	126.7
4.229	126.7
4.233	126.7
4.238	126.7
4.242	126.8
4.246	126.8
4.25	126.8
4.254	126.8
4.259	126.8
4.263	126.8
4.267	126.8
4.271	126.8
4.275	126.8
4.28	126.8
4.284	126.9
4.288	126.9
4.292	126.9
4.296	126.9
4.301	126.9
4.305	126.9
4.309	126.9
4.313	126.9
4.317	126.9
4.322	127
4.326	127
4.33	127
4.334	127
4.338	127
4.343	127
4.347	127
4.351	127
4.355	127
4.359	127
4.364	127.1
4.368	127.1
4.372	127.1
4.376	127.1
4.38	127.1
4.385	127.1
4.389	127.1
4.393	127.1
4.397	127.1
4.402	127.2
4.406	127.2
4.41	127.2
4.414	127.2
4.418	127.2
4.423	127.2
4.427	127.2
4.431	127.2
4.435	127.2
4.439	127.2
4.444	127.3
4.448	127.3
4.452	127.3
4.456	127.3
4.46	127.3
4.465	127.3
4.469	127.3
4.473	127.3
4.477	127.3
4.481	127.3
4.486	127.4
4.49	127.4
4.494	127.4
4.498	127.4
4.502	127.4
4.507	127.4
4.511	127.4
4.515	127.4
4.519	127.4
4.523	127.4
4.528	127.5
4.532	127.5
4.536	127.5
4.54	127.5
4.544	127.5
4.549	127.5
4.553	127.5
4.557	127.5
4.561	127.5
4.565	127.5
4.57	127.6
4.574	127.6
4.578	127.6
4.582	127.6
4.586	127.6
4.591	127.6
4.595	127.6
4.599	127.6
4.603	127.6
4.607	127.6
4.612	127.7
4.616	127.7
4.62	127.7
4.624	127.7
4.629	127.7
4.633	127.7
4.637	127.7
4.641	127.7
4.645	127.7
4.65	127.7
4.654	127.8
4.658	127.8
4.662	127.8
4.666	127.8
4.671	127.8
4.675	127.8
4.679	127.8
4.683	127.8
4.687	127.8
4.692	127.8
4.696	127.9
4.7	127.9
4.704	127.9
4.708	127.9
4.713	127.9
4.717	127.9
4.721	127.9
4.725	127.9
4.729	127.9
4.734	127.9
4.738	127.9
4.742	128
4.746	128
4.75	128
4.755	128
4.759	128
4.763	128
4.767	128
4.771	128
4.776	128
4.78	128
4.784	128.1
4.788	128.1
4.792	128.1
4.797	128.1
4.801	128.1
4.805	128.1
4.809	128.1
4.813	128.1
4.818	128.1
4.822	128.1
4.826	128.2
4.83	128.2
4.835	128.2
4.839	128.2
4.843	128.2
4.847	128.2
4.851	128.2
4.856	128.2
4.86	128.2
4.864	128.2
4.868	128.2
4.872	128.3
4.877	128.3
4.881	128.3
4.885	128.3
4.889	128.3
4.893	128.3
4.898	128.3
4.902	128.3
4.906	128.3
4.91	128.3
4.914	128.3
4.919	128.4
4.923	128.4
4.927	128.4
4.931	128.4
4.935	128.4
4.94	128.4
4.944	128.4
4.948	128.4
4.952	128.4
4.956	128.4
4.961	128.4
4.965	128.5
4.969	128.5
4.973	128.5
4.977	128.5
4.982	128.5
4.986	128.5
4.99	128.5
